            0.299957 0 0 0  6.12923e-05 -9.77299e-05   0.00012167 0 0 0   -0.011 -0.02329  0.04412  0.000871115  -0.00101419 -0.000231822   0.0049199 -0.00395918 -0.00185759 0 0 0  -0.139236 -0.0787585    -9.8077 
            0.400111 0.00612238  0.0395185  0.0296191 -0.00542518  -0.0104526  -0.0063861 -1.59441e-06  1.38418e-06  4.57566e-07 -0.0110001 -0.0232901  0.0441199  0.00338814 -0.00234198 -0.00255777  0.00491993 -0.00395922  -0.0018576 1.13262e-07 1.94325e-07 1.20737e-07  -0.139236 -0.0787587    -9.8077 
            0.499974  -0.010151  0.0444148 -0.0423639 -0.00191972   0.0178867  -0.0127705  0.000202844 -2.12839e-05 -2.43445e-06 -0.0110001 -0.0232904    0.04412  0.0204817   0.142251 -0.0332099  0.00491949 -0.00399026 -0.00169209 -3.80796e-06 -3.62474e-05  8.05252e-06  -0.139232 -0.0787236    -9.8077 
            0.599813  0.0220894 -0.0147449 -0.0247514 0.00470954  0.0140718 -0.0218381  -0.0354557  -0.0098417 0.000634502 -0.0110123 -0.0232946  0.0441235  0.0384295  0.0690077 -0.0550737   0.0048764 -0.00378303 -0.00176004 -0.00172735   0.0063252  0.00189801  -0.13755 -0.084829  -9.80767 
            0.699918    0.11318 -0.0287712  0.0200956 0.00297739 0.00161009 -0.0233493  -0.158648  0.0281694 0.00216155 -0.0110319 -0.0232831  0.0441439   0.0176529 -0.00773791  -0.0410095  0.00492417 -0.00384753  -0.0019201  0.00494295   0.0282064 -0.00379693 -0.144037 -0.105919  -9.80737 
            0.799953    0.228591 -0.00831711   0.0564788 -0.00186594  -0.0141086  -0.0192356  -0.307405  0.0918857 0.00374086 -0.0110496 -0.0232628  0.0441587 -0.00802001  -0.0742476  -0.0116924  0.00500136  -0.0040798 -0.00205342  0.0159465  0.0545273 -0.0256173 -0.154869 -0.131443   -9.8069 
            0.899974   0.189525  -0.081694 0.00806677 -0.00484888  -0.0166048  -0.0215188  -0.237835   0.117803 0.00271615 -0.0110587  -0.023262  0.0441712 -0.0216944 -0.0660441 -0.0148095   0.0049164 -0.00387627 -0.00194222  0.0206211  0.0421855 -0.0206488 -0.159334 -0.119529  -9.80698 
            0.999939   -0.01228 -0.0602912 -0.0100674 -0.00881948 -0.00353754  -0.0180101  -0.0142807    0.136436 0.000201407 -0.0110778 -0.0232921  0.0442568 -0.0331135 0.00463385 0.00570741  0.00488927 -0.00399895 -0.00192877   0.023692 0.00241086 -0.0385369  -0.162584 -0.0815156   -9.80731 
             1.09992  0.0164824 -0.0088649  0.0387566  -0.00911894 -0.000822754   -0.0149688   0.00883605     0.104798 -3.28108e-05 -0.0110815 -0.0232943  0.0442622 -0.0246952  0.0120023   0.018763  0.00474582 -0.00409918 -0.00209585   0.0179824 -0.00171928  -0.0462042  -0.157209 -0.0776784   -9.80743 
             1.19983 -0.0103793  0.0219768   0.026111 -0.00637937 -0.00254193  -0.0184707  -0.0159767   0.0601921 0.000333675 -0.0110754 -0.0232965  0.0442689 -0.00823289  0.00146049    0.003882  0.00481018  -0.0040817 -0.00206551  0.0102707 0.00275891 -0.0296433  -0.149526 -0.0818058   -9.80752 
             1.29991 -0.0224449  0.0285344  0.0470531 -0.00467574 -0.00097249  -0.0159743 -0.00567205   0.0418695  0.00042722  -0.011074 -0.0232935  0.0442654 -0.000230529   0.00603091    0.0130195  0.00469145 -0.00406334 -0.00209415  0.00697435 0.000896972  -0.0348462  -0.146449 -0.0800488   -9.80758 
             1.40001 -0.0933892  0.0545215  0.0811065 -0.00328829 -0.00121976  -0.0154497  -0.0111896   0.0333936 0.000590256 -0.0110746 -0.0232944  0.0442652 0.00496382 0.00332061  0.0132103  0.00480004 -0.00414476 -0.00215579 0.00550305 0.00189002  -0.032577  -0.144995 -0.0809806   -9.80759 
             1.49986 -0.0627089  0.0394777   0.115077  0.00109887 -0.00425988  -0.0156385  -0.029292  0.0118178 0.00113277 -0.0110775 -0.0232987  0.0442664   0.0193794 -0.00941144   0.0117477  0.00474868 -0.00406558 -0.00220758 0.00173197 0.00511965 -0.0289651  -0.141295 -0.0840345   -9.80762 
             1.59982 -0.120723 0.0230345  0.103351   0.0024481 -0.00288071  -0.0185267  -0.0175696   0.0153221 0.000899559 -0.0110851 -0.0233003  0.0442673    0.0170098  -0.00108639 -0.000465261  0.00482538 -0.00406551   -0.002163 0.00246891  0.0031203 -0.0205832  -0.141921 -0.0821122   -9.80763 
             1.69999 -0.0284022 -0.0240759   0.145829 -0.00131863 -0.00301714  -0.0205834  -0.0166401   0.0396396 0.000566565 -0.0110893 -0.0233082  0.0442755   -0.004304 -0.00238958 -0.00736877  0.00463841 -0.00407655 -0.00223024 0.00683781 0.00298343 -0.0164513  -0.146072 -0.0820352   -9.80757 
              1.7999  -0.0243313 -0.00145891    0.166303 -0.00419784 -0.00179389  -0.0183807  -0.0106173   0.0498271 0.000306993 -0.0110902 -0.0233052  0.0442733 -0.0134931 0.00215368 0.00406572   0.0046376 -0.00418705 -0.00223802 0.00856723 0.00187998 -0.0210554  -0.147799 -0.0810047   -9.80755 
             1.89995 -0.0156377  0.0121555   0.195755  -0.0039125 0.000762569     -0.0209 -0.00136366   0.0433055 0.000199463 -0.0110872 -0.0233061  0.0442733 -0.00923332  0.00965857 -0.00385025  0.00460001 -0.00419299 -0.00225612  0.00748904 0.000271822  -0.0160607   -0.14673 -0.0794351   -9.80758 
             1.99983 0.0447343 0.0243802   0.25004  -0.00827884 -1.41466e-05   -0.0197334 -0.00706228   0.0560473 0.000104769 -0.0110885  -0.023303  0.0442735 -0.0219123 0.00240846 0.00337515  0.00450213 -0.00426737 -0.00232779 0.00973318 0.00127363 -0.0179364  -0.148886 -0.0804433   -9.80754 
             2.09975 -0.00812543  -0.0215625    0.263582  -0.0092841 -0.00258153   -0.023525  -0.0166123   0.0518189 0.000341903 -0.0110925  -0.023296  0.0442692  -0.0204039 -0.00670361  -0.0087846  0.00463768 -0.00414191 -0.00231864  0.0090663 0.00304223 -0.0116901  -0.148125 -0.0820978   -9.80754 
             2.19975 0.00297854  0.0545406   0.308906 -0.00927506 -0.00176301  -0.0243336  -0.0119054   0.0452908 0.000396969 -0.0110929 -0.0232961   0.044273  -0.0132394 -0.00224966 -0.00792658  0.00459826 -0.00425494 -0.00237829 0.00790298 0.00220257 -0.0117874  -0.147035 -0.0812621   -9.80756 
             2.30019 0.0268197 0.0470735  0.324207 -0.00852997 -0.00337672  -0.0211393  -0.0161668   0.0388369 0.000596861 -0.0110916 -0.0232922   0.044273 -0.00581059 -0.00776308  0.00746286  0.00456367 -0.00423009 -0.00238113 0.00667853 0.00290581 -0.0169118   -0.14591 -0.0819255   -9.80757 
             2.39981 0.0555648   0.03189    0.3047 -0.00480743 -0.00254895  -0.0215775 -0.0114964   0.026254 0.00081199 -0.0110942 -0.0232866  0.0442683  0.00858789 -0.00378828  0.00592334  0.00445765 -0.00415736 -0.00231098 0.00444119 0.00208777 -0.0153792  -0.143778 -0.0810529   -9.80761 
             2.49977 -0.0119342  0.0470176   0.334936 -0.00171569  0.00172504  -0.0261723  0.00117378   0.0203057 0.000736705 -0.0110957 -0.0232773  0.0442741  0.0154982  0.0116187 -0.0108666  0.00447692 -0.00417817 -0.00232617  0.00346734 -0.00010147 -0.00910233  -0.142857 -0.0788803   -9.80764 
             2.59997 -0.0280945  0.0249089   0.411583 -0.00189417 -0.00628355  -0.0264921 -0.0224254  0.0252361  0.0010853 -0.0111064 -0.0232756  0.0442706  0.00984212  -0.0195115 -0.00764194  0.00455559 -0.00416967 -0.00243517  0.00433754  0.00412547 -0.00977777  -0.143528 -0.0829587    -9.8076 
             2.69985  -0.0703964 -0.00899263    0.418924 -0.00289053  -0.0039038  -0.0255927  -0.0115115   0.0299662 0.000771651 -0.0111052 -0.0232769  0.0442751  0.00217841 -0.00605528 -0.00125337  0.00450627 -0.00414159 -0.00239975 0.00516521 0.00214235 -0.0114363  -0.144421 -0.0811119    -9.8076 
             2.79997 -0.0613879  0.0322868   0.484289  -0.00388812 -8.47889e-06   -0.0198974 -0.000545586    0.0327966  0.000502126 -0.0111079 -0.0232714  0.0442717 -0.0014188 0.00763311  0.0193588  0.00437711 -0.00426317 -0.00248663  0.00557363 0.000110391  -0.0177134  -0.144976 -0.0792159   -9.80761 
             2.89985 -0.0601615  0.0247995   0.484904  -0.0043676 -0.00610319  -0.0235052  -0.0167455   0.0340012 0.000827419 -0.0111023 -0.0232787  0.0442778 -0.00482546   -0.014727  0.00271353  0.00443323 -0.00426045 -0.00242947 0.00589527 0.00307438 -0.0113409  -0.145049 -0.0820493   -9.80758 
             2.99898  -0.019824 0.00602059   0.535572 -0.0044514 -0.0018929 -0.0261738 -0.00315224   0.0327492 0.000595016 -0.0111036 -0.0232846  0.0442684 -0.00529178  0.00338596 -0.00672299  0.00438389 -0.00424092 -0.00248624  0.00571776 0.000630312 -0.00795477  -0.144989 -0.0797095    -9.8076 
             3.09897  0.0218435 -0.0251995   0.555633  -0.00497157 -3.85845e-05    -0.029764 0.000393803   0.0326301 0.000545756 -0.0111069 -0.0232896  0.0442664 -0.00689243  0.00776926   -0.016283   0.0043583 -0.00420301 -0.00249563   0.0057351 6.36127e-06 -0.00481663  -0.145009 -0.0791141   -9.80761 
             3.19983   0.0098842 0.000379675    0.574672  -0.00655116 -0.000685582   -0.0285401 -0.00273175   0.0345843 0.000567021  -0.011108 -0.0232909  0.0442661  -0.0105241  0.00343486 -0.00675217  0.00440806 -0.00425836 -0.00248474  0.00605218 0.000548169 -0.00758373  -0.145306 -0.0796604    -9.8076 
             3.29981 0.0058857 0.0502051  0.613614 -0.00971603 -0.00202413  -0.0267743 -0.00616888   0.0393434 0.000529865 -0.0111119 -0.0232922  0.0442621  -0.0176839 -0.00258138  0.00186784  0.00433478 -0.00435057 -0.00249437  0.00688488  0.00114769 -0.00986449  -0.146079 -0.0803072   -9.80758 
             3.39896 -0.031044 0.0091403  0.664782  -0.00544751 -0.000633754   -0.0277209   -0.003142   0.0254043 0.000826183 -0.0111108 -0.0232955  0.0442575  0.000688196    0.0019325 -7.68157e-05  0.00431682 -0.00425723 -0.00252047  0.00435117 0.000602148 -0.00888438   -0.14371 -0.0795643   -9.80762 
             3.49997 -0.0955078  0.0383802   0.722296  -0.00407296 -0.000659406   -0.0271174 -0.00386821   0.0225674 0.000896315 -0.0111111 -0.0232978  0.0442572  0.0050293 0.00137586 0.00308963   0.0043922 -0.00432974 -0.00256521  0.00382588 0.000726674 -0.00946295  -0.143208 -0.0796353   -9.80763 
             3.59991 -0.0590268  0.0196274   0.755454 -0.00276173 -0.00449106  -0.0280828 -0.0118345  0.0211518 0.00102191 -0.0111117 -0.0232988  0.0442598   0.00716192   -0.0119913 -0.000348951  0.00430484 -0.00431772 -0.00257292  0.00358296  0.00219157 -0.00816345 -0.142816 -0.080992  -9.80763 
             3.69986 0.00108631  0.0345704   0.816108 -0.00300763 -0.00634356  -0.0253627 -0.0129333  0.0231309 0.00101787  -0.011112 -0.0232915  0.0442613  0.0047571 -0.0147526 0.00872896  0.00421573 -0.00437278 -0.00263384 0.00390914 0.00237694 -0.0106948  -0.143131 -0.0812055   -9.80762 
             5.89908 -0.00976148   0.0386132    0.828034  0.0303461  0.0514369 -0.0302039  0.00490555   0.0192991 0.000762755 -0.0111199 -0.0232915  0.0442559  0.0613716  0.0629788 -0.0193399  0.00430653 -0.00438286 -0.00260708    0.0032346 -0.000872339   -0.0089461  -0.142868 -0.0780581   -9.80765 
             20.9998 -0.00507861   0.0677247     1.80914 -0.852237 -0.885944  0.286267   0.0043718   0.0197173 0.000767607 -0.0111199 -0.0232915  0.0442559 0.146884 0.537956 0.201683   0.0043186 -0.00438781 -0.00260819  0.00331758 -0.00076609 -0.00894077  -0.142927 -0.0781637   -9.80765 
             21.0998 -2.54263  -1.4598  8.00169  -1.04843 -0.855857  0.190121  0.00437541   0.0197228 0.000767472 -0.0111199 -0.0232915  0.0442559 -0.0314099   0.566589   0.195634  0.00432583 -0.00436151 -0.00260022   0.00332417 -0.000766041  -0.00880458  -0.142929 -0.0781641   -9.80765 
             33.3996 -2.53757 -1.46228  7.95424 -7.27863  14.3485  3.13272   0.018401  0.0166129 0.00099192 -0.0112027 -0.0234909   0.044402   -4.12619    6.02621 0.00897505  0.00432884 -0.00436303 -0.00259998  0.00357106 0.000341563  -0.0087996  -0.143161 -0.0792293   -9.80764 
             33.4997 -2.35085 -1.03099  6.51448 -7.27863  14.3485  3.13272   0.018401  0.0166129 0.00099192 -0.0112027 -0.0234909   0.044402   -4.12619    6.02621 0.00897505  0.00432884 -0.00436303 -0.00259998  0.00357106 0.000341563  -0.0087996  -0.143161 -0.0792293   -9.80764 
             42.5998 -2.37705 -1.02241  6.52345 -49.952 76.0733 3.49277    0.018401   0.0166129 0.000991921 -0.0112027 -0.0234909   0.044402  -6.27068   11.1976 -0.505015  0.00433625 -0.00436569 -0.00260269   0.0035709 0.000341606 -0.00880029  -0.143161 -0.0792293   -9.80764 
             51.6997 -22.2805 -5.93692 -6.51432 -49.952 76.0733 3.49277    0.018401   0.0166129 0.000991921 -0.0112027 -0.0234909   0.044402  -6.27068   11.1976 -0.505015  0.00433625 -0.00436569 -0.00260269   0.0035709 0.000341606 -0.00880029  -0.143161 -0.0792293   -9.80764 
