0.pcd 0.360704 -0.389566 -0.0471967 0.706988 -0.00236991 -0.00862612 0.707169
1.pcd 0.112946 -0.500781 -0.0506967 0.766295 -0.00406732 -0.0108763 0.642384
2.pcd -0.270529 -0.638835 -0.0562522 0.820205 -0.00384544 -0.0122498 0.571926
3.pcd -0.358785 -0.144374 -0.0552583 0.865397 -0.00528114 -0.0104701 0.50095
4.pcd -0.254028 0.345527 -0.0598601 0.852481 -0.00623749 -0.012181 0.52258
5.pcd -0.3051 0.845916 -0.0666223 0.803226 -0.0042428 -0.0113442 0.595552
6.pcd -0.511189 1.31001 -0.0683929 0.791055 -0.00575864 -0.0110232 0.611618
7.pcd -0.796505 1.73075 -0.0696584 0.788594 -0.00618042 -0.00995278 0.614803
8.pcd -0.957198 2.16045 -0.0790452 0.839979 -0.00634508 -0.0118375 0.542452
9.pcd -1.01677 2.33962 -0.0888102 0.886299 -0.00262497 -0.0225647 0.462556
10.pcd -0.774577 2.79008 -0.087236 0.898794 -0.00637469 -0.0129299 0.438134
11.pcd -0.57245 3.25849 -0.0871468 0.878731 -0.00687519 -0.011064 0.47714
